70.920 -38.797 14.354 99.323 90.374 7.581
-37.507 -3.263 40.079 27.999 65.213 -55.552
-38.259 43.815 -55.547 49.327 -73.907 15.704 45.318 88.218 -95.804 56.219 53.439 41.924 80.246 -30.791 -83.084 13.734 62.214 77.539 -7.196 -84.940
-75.731 -10.677 25.041 88.121 -23.265 -89.945 -10.953 32.413 59.308 -23.114 31.169 41.416 -8.498 7.869 -8.395
100.667 -3.865 69.092 -94.524 -31.678 82.199 -67.377 -86.285 -63.563 15.967 26.161 -27.633
35.957 -89.193 -45.732 36.367 15.046 -34.789 76.754 71.153 -95.621 28.257 -17.935 67.855 74.362 -54.584 -73.407 -10.797 -27.666
-36.615 -16.225 93.072 3.182 1.710 -35.748 -84.360 -24.656 54.605 54.170 55.046 -10.120 68.184 -70.306 6.444 -63.129
1.527 -95.458 59.459 -45.143 15.427 55.309 0.092 90.952 58.639 56.648 -98.475 68.327
41.433 -34.106 63.767 91.615 -73.554 -45.513 85.580 62.525 -23.917 -89.436 -39.842 63.161 -64.020 -41.697 86.341 -61.895
95.991 -50.304 43.844 7.171 -77.863 8.688 97.828 69.128 -24.082 43.389 -70.730 -36.367 67.715 -10.954 -40.278 62.114 78.096 10.379
34.085 -21.464 25.372 31.977 -75.344 67.985 -74.925 88.925 -78.463 -99.116 89.717 9.224 -64.132 -97.272 -63.704
-68.149 60.119 68.504 62.483 -42.458 92.401 93.154 52.269 -26.965 65.407 -55.658 -73.836 -50.464
60.933 -100.776 -44.651 36.706 13.748 26.499 -15.115 -80.152 -86.463 -10.833 -37.361 50.470 -100.984 -60.411
-27.370 -31.930 -58.988 27.136 -76.945 -6.370 -24.766 -38.300 30.952 -65.241 74.201 -32.560 61.089 -56.792 -84.586 79.896 23.227 -53.177 -90.569
-64.309 98.966 -67.291 66.895 -11.937 -3.928 -48.975 -35.152 51.581 -87.107
-92.250 -52.463 13.815 -71.911 5.283 1.401 21.647 69.367 50.556 83.025 23.236 13.957
71.915 -6.292 56.529 -88.633 -92.451 -41.433 -28.829 44.445 -68.649 -54.153 -88.470
17.944 46.310 -26.962 -86.697 -11.287 -100.875 -7.393 20.409 77.598 -71.400 -84.423 -33.576 4.699 -100.150 24.896
42.251 -95.340 -60.435 -27.043 54.306 -42.060 84.256 74.748 8.509 61.553 -61.123 -46.056 -32.299
44.684 28.938 91.831 -84.967 -21.914 4.218 63.554 -7.383 61.547 -67.686 15.654 34.398 -65.138 -6.192
-77.007 27.581 44.068 78.930 -83.875 -23.728 94.213 -93.453 -79.337 -63.270 96.087 -100.508 10.037 3.488 21.568 -15.093 26.976 77.984 90.881
48.702 82.148 -32.208 16.625 91.650 17.133 -12.627 73.152 -21.216 90.472 64.486 -28.231 -22.987 100.511 -34.465 72.655
